69  3  0  0
   0    1.2581998999999999  3.2702  -2.1791999
   1    0  3.6817000000000002  2.3597000000000001
   2    1.6775  -0.35399999999999998  2.9064999
   3    0.72860002999999995  3.3368001  1.262
   4    1.7367001  3.8779001000000002  -0.30630001000000001
   5    -2.3645999  3.2702  0.86059998999999998
   6    -0.80699997999999995  3.6817000000000002  -2.2172999
   7    1.5271001  3.8779001000000002  0.88169998000000005
   8    2.9707998999999998  -0.41940000999999999  -0.52280002999999997
   9    0.72860002999999995  3.3368001  -1.262
  10    1.3048998999999999  3.4121999999999999  -0.2545
  11    -1.5166999999999999  3.6817000000000002  1.8076000000000001
  12    -1.7367001  3.8779001000000002  -0.30630001000000001
  13    -3.1526000000000001  -0.35420001000000001  1.1485000000000001
  14    1.2431000000000001  3.8271999000000001  -1.4816
  15    1.6775  -0.35479999000000001  -2.9043999
  16    -0.72860002999999995  3.3368001  1.262
  17    -1.4572001000000001  3.3368001  -0
  18    3.1526000000000001  -0.35420001000000001  1.1485000000000001
  19    0  3.8271999000000001  -1.9339999999999999
  20    1.0318000000000001  -0.41890000999999999  2.8357000000000001
  21    2.3645999  3.2702  0.86059998999999998
  22    -0.66149997999999999  3.8271999000000001  1.8173999999999999
  23    0.60320001999999995  3.8779001000000002  1.6571
  24    1.6475998999999999  3.8239999  1.3826001000000001
  25    -1.5271001  3.8779001000000002  0.88169998000000005
  26    -2.0434999  3.6817000000000002  -1.1798
  27    2.0434999  3.6817000000000002  -1.1798
  28    -1.3812  3.8067999000000001  -1.159
  29    -0.72860002999999995  3.3368001  -1.262
  30    -0.58260000000000001  -0.35399999999999998  3.3050001
  31    -1.6775  -0.35399999999999998  2.9064999
  32    2.5701000999999999  -0.35470000000000002  -2.1554999000000001
  33    -3.1526000000000001  -0.35460001000000002  -1.1464000000000001
  34    -2.9707998999999998  -0.41940000999999999  -0.52280002999999997
  35    0  -0.4199  -3.0156000000000001
  36    -1.9391  -0.41980001  -2.3098999999999998
  37    -1.6775  -0.35479999000000001  -2.9043999
  38    1.5166999999999999  3.6817000000000002  1.8076000000000001
  39    -0.58260000000000001  -0.35479999000000001  -3.3029001
  40    1.4603000000000002  1.736199955  -2.1929999499999999
  41    -2.3537499999999998  1.7292500450000001  -0.41455001999999996
  42    -1.6234368386270395  1.971635533017154  -1.6587138870332672
  43    -1.2744702450050178  1.9880958460200513  -2.2555366215985839
  44    -0.72860002999999995  3.3368001  0
  45    -1.04965  1.6638500000000001  2.5563000499999999
  46    0.35935095456641586  3.4670638734264996  1.4095296273796967
  47    -0.097627206853470927  3.3601958656285564  0.79144660966783942
  48    1.3164873305755671  3.1206948162191184  -1.7219671422748244
  49    -0.47376300491486545  1.9880137411611984  -2.5469444069728011
  50    2.40009995  1.734899945  1.2655500500000001
  51    -2.630488688158485  1.6518838082341891  0.25381913408409085
  52    -2.4831175111274204  1.7374362348853229  -0.86832716777505992
  53    1.915096760876144  3.0813718031394166  1.3409914370631728
  54    -1.4213334984311272  -0.35406527435292651  2.6012145462100875
  55    -2.04522505  2.8035750725000002  -0.36042501500000002
  56    1.861912415316171  1.6790276492414327  -2.0354443811241012
  57    -1.4310093396318788  3.429448850698587  -1.2617524090022034
  58    0.82945806316826687  2.0127684487077309  -2.4642100285179289
  59    0.81750001000000005  1.729500045  2.2464
  60    -2.0003944906682229  1.9882420866750019  -1.6464041163434204
  61    -0.62174849436027146  1.7206225880452393  2.5668845247465049
  62    0.71035001499999995  2.8037000724999999  1.9517500000000001
  63    2.3537499999999998  1.7292500450000001  -0.41455001999999996
  64    0  2.0012477690708543  -2.3990113892571645
  65    1.2868329333627164  1.7378086909640833  2.2949712749222342
  66    0.48911131915692929  1.7378641013510203  2.5853415854998048
  67    0.4401082066139812  3.3801344925268149  -0.68296209052311796
  68    0.31017617631732658  3.3368001  1.262
# Generated by tetgen -p Rec.ply 
