192  4  0
    0       6    29    19    28
    1      23     1    46    62
    2      63    40    64    67
    3      30    20    61    66
    4      20    50    59    65
    5      25    16    11     5
    6      17    41    44    51
    7      21    18    50    63
    8      11     5    31    13
    9      14     4    10    27
   10      22    23     1    46
   11      16    25    17     5
   12      25    12    17     5
   13      22    25    16    11
   14      18     8    50    63
   15      17    29    55    57
   16      48    40    56    63
   17      20    18     8    50
   18       5    31    13    45
   19       3    23    46    62
   20      39     6    43    49
   21      34    36    33    52
   22       9     0    48    58
   23       1    16    46    68
   24      20     2    50    65
   25      14     9    19     0
   26      50    10    53    63
   27       6    29    28    57
   28       9    14    10    27
   29      20    59    61    66
   30      16    11    45    61
   31      15    35     8    40
   32      16    17    44    51
   33      39     6    37    43
   34      16    44    47    61
   35      29    42    55    57
   36      35    40    58    64
   37       9    29    64    67
   38      16    11     5    45
   39      29    42    43    64
   40      36    34    41    52
   41       8    32    40    56
   42      30    20    54    61
   43      42    29    43    57
   44      21     7     4    10
   45      42    52    55    60
   46      35    36    42    43
   47       0    15    40    58
   48      42    36    52    60
   49       5    17    51    55
   50      18    21     8    63
   51      50    53    62    65
   52       6    29    43    49
   53       5    16    45    51
   54      10    21    53    63
   55      40     8    56    63
   56      38    23     3    62
   57      20     2    18    50
   58      16    22     1    46
   59      23    24    38     3
   60      24    23     7     3
   61      41    54    59    61
   62      38     3    53    62
   63      18     2    38    50
   64      15     8    32    40
   65      17    41    51    55
   66      45    30    54    61
   67       5    11    31    45
   68      41    42    52    55
   69      36    41    42    52
   70      54    20    59    61
   71       9    14    27    48
   72      44    16    51    61
   73       1    30    61    66
   74      41    44    51    61
   75      10     3    50    53
   76      47    10    63    67
   77      29     6    19    64
   78       6    29    49    64
   79      17    16     5    51
   80       7     3    10    53
   81      16    22    11    61
   82      32    15    40    56
   83      59    50    62    65
   84      35    36    41    42
   85      29     6    43    57
   86      35     8    40    63
   87      14     9     0    48
   88      15    35    40    58
   89       9     0    58    64
   90      24    38     3    53
   91      42    35    43    49
   92      42    41    44    55
   93      39    36    35    43
   94      36    39    37    43
   95      47    16    61    62
   96      33    26    52    60
   97      29    43    49    64
   98       3    47    59    68
   99       1    46    62    68
  100      22    16     1    61
  101      21    50    53    63
  102      35    39    43    49
  103      10     9    27    48
  104      16     1    62    68
  105      44    41    47    61
  106      12    17     5    55
  107      46     3    62    68
  108      13     5    45    51
  109      51    45    54    61
  110      47    16    62    68
  111      59    47    62    68
  112      44    47    63    67
  113      47    41    59    61
  114       4    10    27    63
  115      59    47    61    62
  116      34    41    51    54
  117      30    31    45    54
  118      55    26    57    60
  119      16    45    51    61
  120      41    51    54    61
  121      52    26    55    60
  122      36    33    52    60
  123      21     7    10    53
  124       7    24     3    53
  125      24     7    21    53
  126      42    55    57    60
  127      13    34    51    54
  128      31    13    45    54
  129      45    13    51    54
  130      34    20    35    54
  131      35    20     8    54
  132      36    35    41    54
  133      34    36    41    54
  134      36    34    35    54
  135      41    17    44    55
  136      40     9    48    58
  137       0    40    48    58
  138      29    42    44    55
  139      17    29    44    55
  140      42    63    64    67
  141      42    44    63    67
  142      26    12    55    57
  143      12    26    28    57
  144      12    17    55    57
  145      12    28    17    57
  146       1    61    62    66
  147       9    40    63    67
  148      61    59    62    66
  149      40     9    64    67
  150      10     9    63    67
  151      16     1    61    62
  152       8    20    50    59
  153       8    32    56    63
  154       8    27    32    63
  155      32    27    56    63
  156      20     8    54    59
  157      50     8    59    63
  158      40    35    63    64
  159      43    42    49    64
  160      50     3    59    62
  161       3    59    62    68
  162      17    29    57    28
  163       9    19     0    64
  164      40     9    58    64
  165      41    44    47    59
  166       3    50    53    62
  167      35    42    63    64
  168      42    35    49    64
  169       9    29    19    64
  170       4    21    10    63
  171      27    10    48    63
  172      27    48    56    63
  173       3    50    59    63
  174       3    10    50    63
  175       8    35    54    63
  176       8    54    59    63
  177       9    40    48    63
  178      10     9    48    63
  179      10     3    47    63
  180      47     3    59    63
  181      44    47    59    63
  182      41    35    42    63
  183      53    38    62    65
  184      35    41    54    63
  185      54    41    59    63
  186       2    38    50    65
  187      50    38    53    65
  188      41    42    44    63
  189      41    44    59    63
  190      29    42    64    67
  191      42    29    44    67
# Generated by tetgen -p Rec.ply 
