138  1
    0     20    65  1
    1     19     0  1
    2      8    63  1
    3     22    61  1
    4     36    33  1
    5     33    26  1
    6      1    22  1
    7     23    62  1
    8     30     1  1
    9     38     2  1
   10      2    18  1
   11     18    38  1
   12      3    10  1
   13     14    48  1
   14     35    64  1
   15      4    21  1
   16     21     8  1
   17      5    12  1
   18     36    42  1
   19     26    52  1
   20     16    68  1
   21     11    45  1
   22      8    32  1
   23     32    27  1
   24     27     8  1
   25     35     8  1
   26     43    36  1
   27      0    58  1
   28     13    31  1
   29     31    11  1
   30     11    13  1
   31      8    20  1
   32     20    34  1
   33     39    37  1
   34     37     6  1
   35      6    39  1
   36     34    36  1
   37     36    35  1
   38      6    43  1
   39     28     6  1
   40     29    44  1
   41     10     9  1
   42      9    29  1
   43     38    23  1
   44     26    60  1
   45     20    66  1
   46      3     7  1
   47      7    10  1
   48     27     4  1
   49     14     9  1
   50     10    14  1
   51     11     5  1
   52      5    13  1
   53     16    22  1
   54     10    47  1
   55     12    25  1
   56     25    17  1
   57     17    12  1
   58     29    19  1
   59     19    28  1
   60     28    29  1
   61     20    30  1
   62     12    55  1
   63     41    34  1
   64     10    67  1
   65      0    14  1
   66     27    56  1
   67     15     0  1
   68     19    14  1
   69     13    34  1
   70     15    35  1
   71     40    15  1
   72      1    23  1
   73     23    22  1
   74     25    22  1
   75     16    25  1
   76     16    17  1
   77     24     7  1
   78      7    23  1
   79     23    24  1
   80     21    24  1
   81     34    51  1
   82     18    21  1
   83     19     6  1
   84     30    54  1
   85     17    28  1
   86     28    12  1
   87     12    26  1
   88     24    53  1
   89      8    18  1
   90     18    20  1
   91     67    29  1
   92      7     4  1
   93      4    10  1
   94      4    14  1
   95     64    19  1
   96      3    23  1
   97     62    59  1
   98     21     7  1
   99     61    30  1
  100     65    38  1
  101      5    25  1
  102     60    36  1
  103     11    25  1
  104     59    20  1
  105     11    22  1
  106     58    35  1
  107     22    46  1
  108     26    28  1
  109     56    15  1
  110     27    14  1
  111     63     4  1
  112     55    41  1
  113     42    57  1
  114     29    17  1
  115     53    50  1
  116     19     9  1
  117     52    34  1
  118     30    31  1
  119     51     5  1
  120     57    28  1
  121     15    32  1
  122     50    18  1
  123     54    13  1
  124     33    34  1
  125     68     3  1
  126     49     6  1
  127     37    36  1
  128     48    40  1
  129     35    49  1
  130     24    38  1
  131     46     3  1
  132     20     2  1
  133     66     1  1
  134     45    30  1
  135     39    35  1
  136     47    16  1
  137     44    16  1
# Generated by tetgen -p Rec.ply 
